# Created by Octave 4.0.2, Tue Sep 13 15:23:20 2016 ICT <tu@tu-pc>
# name: A
# type: matrix
# rows: 4
# columns: 4
 1 2 3 4
 3 3 4 3
 3 3 4 5
 1 3 4 5


