# Created by Octave 4.0.2, Tue Sep 13 15:49:02 2016 ICT <tu@tu-pc>
# name: A
# type: matrix
# rows: 4
# columns: 4
 7.9 5.6 5.7 -7.2
 8.5 -4.8 0.8 3.6
 4.3 4.2 -3.2 9.3
 3.2 -1.4 -8.9 3.3


